>> euler("yprima", 0, 2, 0.01, [1.2 0 0 -0.8])
ans =

   1.20000   0.00000   0.00000  -0.80000
   1.20000  -0.01345  -0.00800  -0.80000
   1.19987  -0.02689  -0.01600  -0.79966
   1.19960  -0.04032  -0.02400  -0.79899
   1.19919  -0.05371  -0.03199  -0.79799
   1.19866  -0.06706  -0.03997  -0.79666
   1.19799  -0.08035  -0.04793  -0.79500
   1.19718  -0.09358  -0.05588  -0.79301
   1.19625  -0.10672  -0.06381  -0.79072
   1.19518  -0.11978  -0.07172  -0.78811
   1.19398  -0.13274  -0.07960  -0.78519
   1.19265  -0.14560  -0.08745  -0.78198
   1.19120  -0.15834  -0.09527  -0.77849
   1.18961  -0.17096  -0.10306  -0.77470
   1.18791  -0.18345  -0.11081  -0.77065
   1.18607  -0.19581  -0.11851  -0.76632
   1.18411  -0.20803  -0.12617  -0.76174
   1.18203  -0.22011  -0.13379  -0.75691
   1.17983  -0.23204  -0.14136  -0.75183
   1.17751  -0.24383  -0.14888  -0.74651
   1.17507  -0.25546  -0.15634  -0.74097
   1.17252  -0.26695  -0.16375  -0.73520
   1.16985  -0.27827  -0.17111  -0.72921
   1.16707  -0.28945  -0.17840  -0.72302
   1.16417  -0.30046  -0.18563  -0.71662
   1.16117  -0.31132  -0.19279  -0.71002
   1.15805  -0.32203  -0.19990  -0.70323
   1.15483  -0.33257  -0.20693  -0.69626
   1.15151  -0.34297  -0.21389  -0.68909
   1.14808  -0.35320  -0.22078  -0.68175
   1.14455  -0.36328  -0.22760  -0.67424
   1.14091  -0.37320  -0.23434  -0.66655
   1.13718  -0.38297  -0.24101  -0.65870
   1.13335  -0.39259  -0.24759  -0.65068
   1.12942  -0.40205  -0.25410  -0.64250
   1.12540  -0.41136  -0.26052  -0.63416
   1.12129  -0.42052  -0.26687  -0.62567
   1.11709  -0.42953  -0.27312  -0.61702
   1.11279  -0.43839  -0.27929  -0.60823
   1.10841  -0.44709  -0.28538  -0.59928
   1.10394  -0.45565  -0.29137  -0.59019
   1.09938  -0.46406  -0.29727  -0.58096
   1.09474  -0.47232  -0.30308  -0.57158
   1.09001  -0.48043  -0.30880  -0.56206
   1.08521  -0.48840  -0.31442  -0.55240
   1.08033  -0.49621  -0.31994  -0.54261
   1.07536  -0.50388  -0.32537  -0.53268
   1.07033  -0.51141  -0.33069  -0.52261
   1.06521  -0.51878  -0.33592  -0.51241
   1.06002  -0.52602  -0.34104  -0.50208
   1.05476  -0.53310  -0.34606  -0.49162
   1.04943  -0.54004  -0.35098  -0.48102
   1.04403  -0.54683  -0.35579  -0.47030
   1.03856  -0.55348  -0.36049  -0.45944
   1.03303  -0.55998  -0.36509  -0.44846
   1.02743  -0.56634  -0.36957  -0.43736
   1.02177  -0.57255  -0.37395  -0.42612
   1.01604  -0.57862  -0.37821  -0.41477
   1.01025  -0.58454  -0.38236  -0.40328
   1.00441  -0.59031  -0.38639  -0.39168
   0.99851  -0.59594  -0.39030  -0.37995
   0.99255  -0.60143  -0.39410  -0.36809
   0.98653  -0.60676  -0.39779  -0.35612
   0.98046  -0.61196  -0.40135  -0.34402
   0.97434  -0.61701  -0.40479  -0.33181
   0.96817  -0.62191  -0.40810  -0.31947
   0.96196  -0.62666  -0.41130  -0.30701
   0.95569  -0.63128  -0.41437  -0.29443
   0.94938  -0.63574  -0.41731  -0.28173
   0.94302  -0.64006  -0.42013  -0.26892
   0.93662  -0.64424  -0.42282  -0.25598
   0.93018  -0.64827  -0.42538  -0.24293
   0.92369  -0.65216  -0.42781  -0.22975
   0.91717  -0.65590  -0.43011  -0.21646
   0.91061  -0.65950  -0.43227  -0.20305
   0.90402  -0.66296  -0.43430  -0.18952
   0.89739  -0.66627  -0.43620  -0.17587
   0.89073  -0.66944  -0.43796  -0.16211
   0.88403  -0.67246  -0.43958  -0.14822
   0.87731  -0.67534  -0.44106  -0.13422
   0.87055  -0.67809  -0.44240  -0.12009
   0.86377  -0.68069  -0.44360  -0.10585
   0.85697  -0.68315  -0.44466  -0.09149
   0.85013  -0.68547  -0.44558  -0.07700
   0.84328  -0.68766  -0.44635  -0.06240
   0.83640  -0.68970  -0.44697  -0.04767
   0.82951  -0.69161  -0.44745  -0.03282
   0.82259  -0.69339  -0.44777  -0.01785
   0.81566  -0.69503  -0.44795  -0.00275
   0.80870  -0.69654  -0.44798   0.01247
   0.80174  -0.69792  -0.44786   0.02782
   0.79476  -0.69917  -0.44758   0.04330
   0.78777  -0.70029  -0.44714   0.05891
   0.78077  -0.70129  -0.44656   0.07465
   0.77375  -0.70217  -0.44581   0.09052
   0.76673  -0.70292  -0.44490   0.10652
   0.75970  -0.70356  -0.44384   0.12267
   0.75267  -0.70408  -0.44261   0.13895
   0.74563  -0.70449  -0.44122   0.15537
   0.73858  -0.70479  -0.43967   0.17193
   0.73153  -0.70499  -0.43795   0.18864
   0.72448  -0.70508  -0.43606   0.20550
   0.71743  -0.70508  -0.43401   0.22251
   0.71038  -0.70498  -0.43178   0.23967
   0.70333  -0.70480  -0.42939   0.25700
   0.69628  -0.70453  -0.42682   0.27448
   0.68924  -0.70418  -0.42407   0.29213
   0.68220  -0.70376  -0.42115   0.30995
   0.67516  -0.70327  -0.41805   0.32795
   0.66813  -0.70273  -0.41477   0.34612
   0.66110  -0.70213  -0.41131   0.36448
   0.65408  -0.70149  -0.40767   0.38303
   0.64706  -0.70082  -0.40384   0.40177
   0.64005  -0.70012  -0.39982   0.42071
   0.63305  -0.69940  -0.39561   0.43986
   0.62606  -0.69868  -0.39121   0.45923
   0.61907  -0.69796  -0.38662   0.47882
   0.61209  -0.69726  -0.38183   0.49863
   0.60512  -0.69660  -0.37684   0.51868
   0.59815  -0.69598  -0.37166   0.53898
   0.59119  -0.69543  -0.36627   0.55953
   0.58424  -0.69496  -0.36067   0.58035
   0.57729  -0.69459  -0.35487   0.60144
   0.57034  -0.69435  -0.34885   0.62281
   0.56340  -0.69424  -0.34263   0.64448
   0.55646  -0.69431  -0.33618   0.66645
   0.54952  -0.69457  -0.32952   0.68874
   0.54257  -0.69505  -0.32263   0.71136
   0.53562  -0.69580  -0.31552   0.73433
   0.52866  -0.69683  -0.30817   0.75765
   0.52169  -0.69820  -0.30060   0.78134
   0.51471  -0.69994  -0.29278   0.80542
   0.50771  -0.70210  -0.28473   0.82990
   0.50069  -0.70474  -0.27643   0.85479
   0.49364  -0.70790  -0.26788   0.88011
   0.48656  -0.71165  -0.25908   0.90588
   0.47945  -0.71607  -0.25002   0.93210
   0.47229  -0.72122  -0.24070   0.95880
   0.46507  -0.72719  -0.23111   0.98599
   0.45780  -0.73408  -0.22125   1.01367
   0.45046  -0.74198  -0.21112   1.04187
   0.44304  -0.75103  -0.20070   1.07058
   0.43553  -0.76135  -0.18999   1.09980
   0.42792  -0.77308  -0.17899   1.12955
   0.42019  -0.78638  -0.16770   1.15980
   0.41232  -0.80145  -0.15610   1.19055
   0.40431  -0.81847  -0.14420   1.22176
   0.39612  -0.83769  -0.13198   1.25339
   0.38775  -0.85935  -0.11944   1.28538
   0.37915  -0.88374  -0.10659   1.31765
   0.37032  -0.91117  -0.09341   1.35008
   0.36121  -0.94201  -0.07991   1.38252
   0.35179  -0.97665  -0.06609   1.41476
   0.34202  -1.01551  -0.05194   1.44655
   0.33186  -1.05907  -0.03747   1.47753
   0.32127  -1.10784  -0.02270   1.50728
   0.31019  -1.16236  -0.00763   1.53521
   0.29857  -1.22317   0.00773   1.56063
   0.28634  -1.29083   0.02333   1.58263
   0.27343  -1.36580   0.03916   1.60010
   0.25977  -1.44847   0.05516   1.61167
   0.24529  -1.53902   0.07128   1.61571
   0.22990  -1.63730   0.08743   1.61031
   0.21352  -1.74269   0.10354   1.59332
   0.19610  -1.85397   0.11947   1.56249
   0.17756  -1.96907   0.13509   1.51560
   0.15787  -2.08502   0.15025   1.45084
   0.13702  -2.19793   0.16476   1.36715
   0.11504  -2.30321   0.17843   1.26470
   0.09201  -2.39601   0.19108   1.14521
   0.06805  -2.47191   0.20253   1.01207
   0.04333  -2.52757   0.21265   0.87012
   0.01805  -2.56134   0.22135   0.72499
  -0.00756  -2.57342   0.22860   0.58237
  -0.03330  -2.56565   0.23442   0.44722
  -0.05895  -2.54102   0.23890   0.32326
  -0.08436  -2.50309   0.24213   0.21283
  -0.10939  -2.45543   0.24426   0.11696
  -0.13395  -2.40128   0.24543   0.03564
  -0.15796  -2.34336   0.24578  -0.03184
  -0.18139  -2.28380   0.24547  -0.08663
  -0.20423  -2.22419   0.24460  -0.13007
  -0.22647  -2.16568   0.24330  -0.16354
  -0.24813  -2.10902   0.24166  -0.18837
  -0.26922  -2.05469   0.23978  -0.20579
  -0.28977  -2.00296   0.23772  -0.21687
  -0.30980  -1.95394   0.23555  -0.22259
  -0.32934  -1.90764   0.23333  -0.22375
  -0.34841  -1.86400   0.23109  -0.22105
  -0.36705  -1.82292   0.22888  -0.21511
  -0.38528  -1.78427   0.22673  -0.20641
  -0.40313  -1.74789   0.22466  -0.19540
  -0.42060  -1.71363   0.22271  -0.18243
